0 1
0 2
0 3
0 4
1 2
1 5
1 6
2 6
2 7
3 4
3 7
4 5
4 8
5 9
5 10
6 10
6 11
7 11
7 12
8 9
8 12
9 14
9 15
10 15
10 16
11 18
12 13
13 14
13 19
14 15
15 49
16 17
16 29
16 36
17 18
17 32
18 19
18 33
20 21
20 22
20 23
20 24
21 22
21 25
21 26
22 26
22 27
23 27
23 24
24 25
24 28
25 29
25 30
26 30
26 31
27 31
27 32
28 29
28 32
29 36
30 34
30 35
31 33
33 34
35 36
35 38
36 45
37 38
37 40
37 41
37 44
38 41
38 39
38 44
39 47
39 48
40 41
40 42
40 43
41 45
42 43
42 45
43 44
43 46
44 47
45 50
46 47
46 50
47 48
48 49
49 50
