0.0 0.0 0.0
3.0 0.0 0.0
-1.0 3.5 0.0
-3.0 1.0 0.0
-0.5 -2.0 0.0
2.5 -4.0 0.0
3.0 5.0 0.0
-4.0 3.0 0.0
-3.0 -3.0 0.0
0.0 -7.5 0.0
7.0 2.0 0.0
-1.5 6.5 0.0
-7.0 1.0 0.0
-6.5 -4 0.0
-2.0 -9.0 0.0
3.0 -9.0 0.0
10.0 4.0 0.0
6.0 6.0 0.0
0.0 11.0 0.0
-10.0 2.0 0.0
12.0 12.0 0.0
15.0 12.0 0.0
11.0 15.5 0.0
9.0 13.0 0.0
11.5 10.0 0.0
14.5 8.0 0.0
15.0 17.0 0.0
8.0 15.0 0.0
9.0 9.0 0.0
12.0 4.5 0.0
19.0 14.0 0.0
10.5 18.5 0.0
5.0 13.0 0.0
9.0 21.0 0.0
19.0 18.0 0.0
21.0 10.0 0.0
13.0 1.0 0.0
19.0 -1.0 0.0
21.0 2.0 0.0
19.0 -13.0 0.0
15.0 -5.0 0.0
14.0 -1.5 0.0
12.0 -4.0 0.0
14.5 -7.0 0.0
17.5 -9.0 0.0
11.0 -2.0 0.0
12.0 -8.0 0.0
15.0 -12.5 0.0
13.0 -14.0 0.0
8.5 -9.0 0.0
8.0 -4.0 0.0
