0 44
0 116
1 10
1 98
1 126
2 103
2 136
3 21
3 34
4 39
4 40
5 34
5 39
5 83
5 114
6 44
6 116
6 147
7 26
7 96
8 9
8 27
9 62
10 58
11 62
11 63
12 66
12 67
13 134
13 143
13 144
14 15
14 135
15 102
16 18
16 103
17 31
17 72
18 19
18 136
19 20
20 73
21 82
21 83
22 35
22 84
23 28
23 70
24 87
24 88
25 90
25 91
25 92
26 53
27 56
28 57
28 69
29 59
29 128
29 129
29 166
30 66
30 130
30 131
30 159
31 71
31 162
31 170
32 73
32 74
32 105
33 76
33 110
34 115
35 114
36 37
36 84
36 146
37 121
38 85
38 146
39 82
40 116
41 42
41 94
42 86
43 89
43 122
44 45
45 46
45 116
46 47
47 151
48 49
48 125
49 152
50 90
50 118
51 95
51 155
52 93
52 155
53 54
53 96
54 55
55 56
57 98
58 158
59 158
59 159
60 100
60 129
61 66
61 67
61 130
61 159
63 64
64 65
65 130
67 131
68 99
68 160
69 70
69 102
71 104
71 140
72 105
74 163
75 108
75 109
76 171
77 78
77 110
78 79
79 80
80 145
81 111
81 112
82 113
83 115
85 147
86 149
87 89
87 121
88 89
91 151
91 152
91 154
92 151
92 153
92 154
93 153
94 95
94 155
95 156
96 154
97 126
97 157
99 132
100 160
101 132
101 133
102 135
102 149
103 139
104 162
104 170
106 107
106 142
107 134
108 163
109 143
109 161
111 164
112 145
112 164
113 114
115 165
117 148
117 165
118 148
119 120
119 150
120 127
122 123
123 124
124 125
127 128
128 158
128 169
129 169
131 171
133 161
135 150
136 169
137 138
137 139
138 167
140 141
140 170
141 168
142 168
144 161
144 164
156 157
158 166
162 167
166 169
