-0.747234 -0.0864253 -0.0973419
-17.6054 -2.5183 -0.158864
-23.7104 2.03294 -0.247276
0.0599002 6.88392 -0.206552
-0.283327 3.06069 -0.0830208
-0.569061 5.41561 -0.120197
0.122731 -0.417547 -0.0282675
-6.42571 -6.57016 -0.043255
-13.1857 -6.48207 -0.100217
-13.9185 -6.46728 -0.10644
-18.2728 -2.77446 -0.160616
-15.9185 -6.44699 -0.125755
-22.4056 -6.52244 -0.177328
-35.7963 -2.41214 -0.1891
-17.9118 4.44755 -0.23357
-17.3025 4.07601 -0.236836
-24.7782 1.8745 -0.272687
-29.8814 4.37847 -0.390216
-25.4848 1.57116 -0.287345
-26.3977 1.30187 -0.305849
-27.1669 0.908043 -0.321533
0.825073 6.58116 -0.205354
3.41231 3.55474 -0.179203
-17.5742 0.690148 -0.207551
7.72088 -2.86632 0.0541362
-5.49097 -2.63495 -0.159995
-7.40414 -6.63264 -0.0506877
-12.0899 -6.50487 -0.089298
-17.881 0.0024786 -0.19793
-21.9626 -2.62672 -0.199435
-21.7134 -6.03998 -0.169423
-30.1044 5.39606 -0.392925
-29.1396 0.102431 -0.364624
-27.6906 -6.5776 -0.289205
-0.598623 6.43148 -0.168579
2.55729 4.46302 -0.171238
5.41699 1.97208 -0.104844
6.18632 1.34536 0.00153035
3.27819 0.942673 -0.00728795
-0.453368 4.66837 -0.106291
-0.196963 2.0552 -0.0655928
-13.6938 1.19371 -0.193966
-14.4984 1.9582 -0.201674
5.30938 -3.2905 0.0323142
-0.560288 -0.824691 -0.0838156
-1.49282 -1.10409 -0.087585
-2.2406 -1.35425 -0.0903448
-2.92677 -1.58882 -0.0940398
-1.38901 -3.19379 -0.0545035
-2.13191 -3.20154 -0.0585522
-5.86674 -0.118362 -0.165019
-11.2064 -0.776712 -0.155711
-9.64806 -1.50477 -0.142389
-8.37872 -6.61132 -0.0590866
-9.58869 -6.57181 -0.0688122
-10.3394 -6.55114 -0.074398
-11.0875 -6.53377 -0.0819937
-17.792 -0.719872 -0.191268
-19.1793 -2.79707 -0.161134
-21.4366 -3.54233 -0.179668
-24.5954 -2.69524 -0.169069
-22.3698 -4.88508 -0.190026
-14.9997 -6.45491 -0.115807
-16.9838 -6.45789 -0.134072
-18.4182 -6.45361 -0.147635
-19.2203 -6.43166 -0.147985
-22.5115 -5.81502 -0.18127
-23.2893 -6.5836 -0.19758
-27.9798 -2.54921 -0.169796
-17.3528 2.48775 -0.229629
-18.0009 1.9322 -0.225473
-30.2049 6.54557 -0.331903
-29.7458 3.35604 -0.384691
-28.0509 0.659035 -0.337913
-29.9451 0.0738873 -0.381879
-33.41 -1.36304 -0.452106
-25.9799 -6.56977 -0.250102
-29.4426 -6.59483 -0.330252
-30.8376 -6.60022 -0.360697
-32.0651 -6.59454 -0.391597
-32.8578 -6.56889 -0.407164
-35.6408 -6.27314 -0.469276
0.741095 5.70389 -0.133938
-1.3114 5.65561 -0.188496
4.09421 2.67165 -0.183375
2.46305 0.545797 -0.0153644
-15.0604 2.42362 -0.200107
7.16596 -1.51322 0.0336045
6.95637 -3.30349 0.0552315
6.23745 -3.32747 0.0459368
-5.64218 -1.19382 -0.159691
-4.65112 -3.16248 -0.0832339
-6.20768 -3.41158 -0.0820523
-8.64036 -2.09415 -0.117313
-12.4867 0.002172 -0.17869
-12.1208 -0.615138 -0.164198
-6.10565 -5.92233 -0.0472577
-14.8598 -1.80191 -0.155709
-17.8068 -1.44244 -0.183982
-28.8859 -2.51383 -0.169711
-25.3166 -2.65988 -0.170271
-31.4596 -2.55153 -0.181975
-17.2312 3.31805 -0.236763
-24.3087 2.69769 -0.247922
-29.4512 6.51366 -0.383061
-29.6018 1.89698 -0.38439
-34.8488 1.36075 -0.22572
-35.3445 0.77173 -0.224076
-32.6204 -0.955552 -0.437596
-34.091 -1.75845 -0.468387
-28.685 -6.58877 -0.312089
-35.7064 -5.56822 -0.476606
-34.9848 -6.59774 -0.457243
1.67526 5.95475 -0.20664
1.8671 5.02371 -0.161848
-2.33525 4.6592 -0.199821
-0.257214 0.693834 -0.0787797
-3.75823 2.52713 -0.195632
-5.44941 0.608658 -0.1726
-19.9634 1.76429 -0.210216
-20.5146 0.70882 -0.194289
6.74427 -0.285544 0.0130919
4.05274 -3.23997 0.0183959
2.89497 -3.18411 0.0026807
1.62944 -3.13588 -0.0117966
0.27948 -3.1406 -0.0325287
-15.851 -2.1337 -0.150528
-20.9611 -0.631947 -0.168903
-21.3033 -2.12364 -0.171031
-23.1876 -2.7631 -0.166635
-20.1961 -6.38929 -0.154071
-24.0992 -6.57503 -0.214736
-29.881 -2.52552 -0.17336
-32.2418 -2.54889 -0.181337
-35.6353 -0.864202 -0.19947
-18.352 3.41265 -0.240776
-23.2315 0.827912 -0.230306
-26.0122 4.5878 -0.293183
-26.8825 5.26338 -0.314256
-25.2039 3.82279 -0.274802
-31.9552 4.68614 -0.249113
-32.7065 3.69258 -0.245047
-34.1033 2.12167 -0.234178
-34.9396 -2.35606 -0.488019
-35.5061 -3.36964 -0.494337
-33.7971 -6.52962 -0.426547
4.59071 1.46344 0.0001072
1.72204 0.195277 -0.0162311
-4.5605 1.57545 -0.18783
-15.6827 2.78925 -0.218034
-19.3911 2.42859 -0.218046
-4.30686 -2.12786 -0.0856748
-3.23735 -3.18768 -0.0734521
-7.43223 -2.58983 -0.104833
-6.21402 -4.97488 -0.0667203
-10.3955 -1.33888 -0.1414
-13.0806 -1.12599 -0.162727
-13.9164 -1.44763 -0.15045
-20.4774 -2.69309 -0.15491
-21.5464 -4.41392 -0.173589
-26.7144 -2.59702 -0.172723
-33.5739 -2.53267 -0.187809
-28.4369 6.03494 -0.373001
-31.1029 -0.303575 -0.403268
-35.6287 -4.73023 -0.485977
-3.18631 3.38895 -0.197108
-22.68 -1.5363 -0.212682
-27.5882 5.6888 -0.346667
-33.2541 2.99067 -0.246126
-23.0792 -0.251532 -0.225598
-31.0906 5.67749 -0.246428
-24.8173 -6.56779 -0.224821
