0 60
0 10
0 59
1 39
1 53
2 15
2 17
2 30
2 44
3 18
3 46
3 16
4 51
4 42
4 55
5 38
5 52
6 39
6 14
6 53
7 15
7 29
7 30
8 31
8 32
9 20
9 33
9 34
10 26
11 22
11 47
11 48
11 65
12 24
12 49
12 50
12 61
13 14
13 27
13 63
13 67
14 28
15 45
16 31
16 44
17 46
17 29
18 46
18 19
19 56
19 46
20 45
21 37
21 49
22 60
22 61
23 24
23 25
23 49
23 61
24 25
25 50
26 26
26 38
27 40
27 54
28 42
29 44
30 45
31 32
32 33
33 56
33 57
34 56
34 58
34 57
35 38
35 36
35 58
36 58
36 59
37 57
38 52
39 63
40 63
40 67
41 54
41 51
42 62
43 64
43 50
47 52
47 60
47 66
48 62
48 66
53 66
54 67
55 62
55 64
60 65
65 66
