-17.6054 -2.5183 -0.158864
-23.7104 2.03294 -0.247276
-0.569061 5.41561 -0.120197
0.122731 -0.417547 -0.0282675
-35.7963 -2.41214 -0.1891
-17.9118 4.44755 -0.23357
-25.4848 1.57116 -0.287345
0.825073 6.58116 -0.205354
7.72088 -2.86632 0.0541362
-5.49097 -2.63495 -0.159995
-17.881 0.0024786 -0.19793
-21.9626 -2.62672 -0.199435
-21.7134 -6.03998 -0.169423
-30.1044 5.39606 -0.392925
-29.1396 0.102431 -0.364624
-0.598623 6.43148 -0.168579
5.41699 1.97208 -0.104844
-0.453368 4.66837 -0.106291
-0.560288 -0.824691 -0.0838156
-1.49282 -1.10409 -0.087585
-5.86674 -0.118362 -0.165019
-8.37872 -6.61132 -0.0590866
-21.4366 -3.54233 -0.179668
-22.3698 -4.88508 -0.190026
-22.5115 -5.81502 -0.18127
-23.2893 -6.5836 -0.19758
-17.3528 2.48775 -0.229629
-30.2049 6.54557 -0.331903
-29.9451 0.0738873 -0.381879
0.741095 5.70389 -0.133938
-1.3114 5.65561 -0.188496
7.16596 -1.51322 0.0336045
6.23745 -3.32747 0.0459368
-4.65112 -3.16248 -0.0832339
-6.20768 -3.41158 -0.0820523
-12.4867 0.002172 -0.17869
-12.1208 -0.615138 -0.164198
-6.10565 -5.92233 -0.0472577
-17.2312 3.31805 -0.236763
-24.3087 2.69769 -0.247922
-29.4512 6.51366 -0.383061
-35.3445 0.77173 -0.224076
-34.091 -1.75845 -0.468387
-34.9848 -6.59774 -0.457243
1.8671 5.02371 -0.161848
-2.33525 4.6592 -0.199821
-0.257214 0.693834 -0.0787797
-21.3033 -2.12364 -0.171031
-23.1876 -2.7631 -0.166635
-20.1961 -6.38929 -0.154071
-24.0992 -6.57503 -0.214736
-35.6353 -0.864202 -0.19947
-18.352 3.41265 -0.240776
-23.2315 0.827912 -0.230306
-31.9552 4.68614 -0.249113
-35.5061 -3.36964 -0.494337
-4.30686 -2.12786 -0.0856748
-6.21402 -4.97488 -0.0667203
-10.3955 -1.33888 -0.1414
-13.0806 -1.12599 -0.162727
-20.4774 -2.69309 -0.15491
-21.5464 -4.41392 -0.173589
-33.5739 -2.53267 -0.187809
-28.4369 6.03494 -0.373001
-35.6287 -4.73023 -0.485977
-22.68 -1.5363 -0.212682
-23.0792 -0.251532 -0.225598
-31.0906 5.67749 -0.246428
