0 1
0 3
0 4
1 2
1 5
1 6
2 3
2 7
2 9
3 9
3 11
3 12
4 5
4 12
4 13
5 6
5 14
6 7
6 32
7 8
7 40
8 9
8 19
8 39
9 10
9 19
10 11
10 19
11 12
11 18
12 17
12 15 
12 16
13 14
13 15
14 32
14 33
15 16
16 17
17 18
18 19
19 39
20 21
20 23
20 24
21 22
21 25
21 26
22 23
22 27
22 29
23 29
23 31
23 32
24 25
24 32
24 33
25 26
25 34
26 27
26 34
27 28
27 35
28 29
28 36
28 37
29 30
29 37
30 31
30 38
31 32
31 40
33 34
34 35
35 36
36 37
37 38
38 39
38 40
41 39
41 38
41 42
41 100
42 19
42 43
43 18
43 44
44 17
44 45
45 16
45 68
45 46
46 67
46 47
47 66
47 48 
48 49
49 63
49 91
50 51
50 53
50 54
51 52
51 55
51 56
52 53
52 57
52 59
53 59
53 61
53 62
54 55
54 62
54 63
55 56
55 64
56 57
56 82
57 58
57 90
58 59
58 69
58 89
59 60
59 69
60 61
60 69
61 62
61 68
62 67
62 65
62 66
63 64
63 65
64 82
64 83
65 66
66 67
67 68
68 69
69 89
70 71
70 73
70 74
71 72
71 75
71 76
72 73
72 77
72 79
73 79
73 81
73 82
74 75
74 82
74 83
75 76
75 84
76 77
76 84
77 78
77 85
78 79
78 86
78 87
79 80
79 87
80 81
80 88
81 82
81 90
83 84
84 85
85 86
86 87
87 88
88 89
88 90
91 64
91 92
92 94
92 83
93 35
93 36
93 34
94 95
94 84
95 84 
95 96
95 85
96 86
96 34
97 33
97 98
97 96
98 14
97 87
98 99
98 88
99 13
99 69
98 89
100 37
100 93
100 41
