50 51 53 54 52 55 56 59 61 62 63 57 64 82 58 60 69 68 65 66 67 90 83 73 74 81 89 88 84 70 72 79 75 80 87 76 85 71 77 78 86 > 0 1 3 4 2 5 6 9 11 12 13 7 14 32 8 10 19 18 15 16 17 40 33 23 24 31 39 38 34 20 22 29 25 30 37 26 35 21 27 28 36 
0 1 3 4 2 5 6 9 11 12 13 7 14 32 8 10 19 18 15 16 17 40 33 23 24 31 39 38 34 20 22 29 25 30 37 26 35 21 27 28 36 > 50 51 53 54 52 55 56 59 61 62 63 57 64 82 58 60 69 68 65 66 67 90 83 73 74 81 89 88 84 70 72 79 75 80 87 76 85 71 77 78 86 
0 1 3 4 2 5 6 9 11 12 7 8 10 > 20 21 23 24 22 25 26 29 31 32 27 28 30 
20 21 23 24 22 25 26 29 31 32 27 28 30 > 0 1 3 4 2 5 6 9 11 12 7 8 10 
50 51 53 54 52 55 56 59 61 62 57 58 60 > 70 71 73 74 72 75 76 79 81 82 77 78 80 
70 71 73 74 72 75 76 79 81 82 77 78 80 > 50 51 53 54 52 55 56 59 61 62 57 58 60 
0 1 3 4 2 5 6 9 11 12 7 8 10 > 70 71 73 74 72 75 76 79 81 82 77 78 80 
70 71 73 74 72 75 76 79 81 82 77 78 80 > 0 1 3 4 2 5 6 9 11 12 7 8 10 
50 51 53 54 52 55 56 59 61 62 57 58 60 > 20 21 23 24 22 25 26 29 31 32 27 28 30 
20 21 23 24 22 25 26 29 31 32 27 28 30 > 50 51 53 54 52 55 56 59 61 62 57 58 60 
