0.0 0.0 0.0
3.0 0.0 0.0
3.0 2.0 0.0
0.0 2.0 0.0
0.0 -2.0 0.0
7.0 -2.0 0.0
7.0 0.0 0.0
7.0 2.0 0.0
7.0 4.5 0.0
0.0 4.5 0.0
-2.0 4.5 0.0
-2.0 2.0 0.0
-2.0 -2.0 0.0
2.5 -5.0 0.0
8.5 -5.0 0.0
-2.0 -5.0 0.0
-4.5 -7.5 0.0
-4.5 -1.0 0.0
-4.5 7.0 0.0
-1.0 7.0 0.0
14.0 0.0 0.0
17.0 0.0 0.0
17.0 2.0 0.0
14.0 2.0 0.0
14.0 -2.0 0.0
21.0 -2.0 0.0
21.0 0.0 0.0
21.0 2.0 0.0
21.0 4.5 0.0
14.0 4.5 0.0
12.0 4.5 0.0
12.0 2.0 0.0
12.0 -2.0 0.0
19.0 -5.0 0.0
23.0 -5.0 0.0
23.0 3.5 0.0
21.0 7.0 0.0 
16.0 7.0 0.0
11.0 7.0 0.0
6.0 7.0 0.0
9.0 4.5 0.0
10.0 9.0 0.0
3.0 8.5 0.0
-5.0 9.0 0.0
-7.0 5.0 0.0
-7.0 -9.0 0.0
-7.0 -16.0 0.0
-7.0 -25.0 0.0
-4.0 -26.0 0.0
0.0 -25.0 0.0
0.0 -17.0 0.0
3.0 -17.0 0.0
3.0 -15.0 0.0
0.0 -15.0 0.0
0.0 -19.0 0.0
7.0 -19.0 0.0
7.0 -17.0 0.0
7.0 -15.0 0.0
7.0 -12.5 0.0
0.0 -12.5 0.0
-2.0 -12.5 0.0
-2.0 -15.0 0.0
-2.0 -19.0 0.0
2.5 -22.0 0.0
8.5 -22.0 0.0
-2.0 -22.0 0.0
-4.5 -24.5 0.0
-4.5 -18.0 0.0
-4.5 -10.0 0.0
-1.0 -10.0 0.0
14.0 -17.0 0.0
17.0 -17.0 0.0
17.0 -15.0 0.0
14.0 -15.0 0.0
14.0 -19.0 0.0
21.0 -19.0 0.0
21.0 -17.0 0.0
21.0 -15.0 0.0
21.0 -12.5 0.0
14.0 -12.5 0.0
12.0 -12.5 0.0
12.0 -15.0 0.0
12.0 -19.0 0.0
19.0 -22.0 0.0
23.0 -22.0 0.0
23.0 -13.5 0.0
21.0 -10.0 0.0
16.0 -10.0 0.0
11.0 -10.0 0.0
6.0 -10.0 0.0
9.0 -12.5 0.0
8.0 -26.0 0.0
17.0 -24.5 0.0
27.0 5.0 0.0
25.0 -23.0 0.0
27.0 -15.0 0.0
25.0 -9.0 0.0
19.0 -7.5 0.0
9.0 -8.0 0.0
3.0 -7.5 0.0
23.0 10.0 0.0
